142 27476
143 83257
154 4428
190 387
311 5283
312 55569
331 4836
332 12125
333 27107
341 607
344 217754
351 69341
373 22841
374 42778
390 853
391 25011
401 6694
414 463
416 369
417 3156
421 4014
427 17789
440 34291
442 36691
446 10000
451 6539
457 21595
458 20043
459 855
461 14685
473 22597
475 857
484 4759
507 3504
521 12633
527 66066
535 903
546 839
550 8989
577 5189
590 839
590 18638
590 877
590 10934
590 831
590 831
590 884
590 841
590 837
590 911
590 6955
590 9602
590 865
590 841
590 837
591 191345
599 911
